C102

VEHICLE
NUMBER     CAPACITY    KMS/TRIP
20            30         90

CUSTOMER
CUST NO.  XCOORD.   YCOORD.    DEMAND   READY TIME  DUE DATE   SERVICE   TIME

   0      12.7971706      77.4238823      0      0      835      0
   1      12.9222029      77.5599679      1      630      835      90
   2      12.9221653      77.5362561      1      645      835      90
   3      12.9021902      77.5185820      2      712      835      90
   4      12.9293653      77.5569265      3      623      835      90
   5      12.9233054      77.5533448      2      652      835      90
   6      12.8614515      77.6647081      1      567      835      90
   7      12.9252588      77.5499376      1      612      835      90
   8      12.9221653      77.5362561      3      261      835      90
   9      13.1215817      77.6129026      1      665      835      90
   10      12.9227364      77.5452511      1      448      835      90
   11      12.9312038      77.5067344      1      648      835      90
   12      12.9770286      77.5773054      1      632      835      90
   13      12.9293653      77.5569265      1      654      835      90
   14      12.9221653      77.5362561      1      603      835      90
   15      12.9571219      77.5926667      1      321      835      90
   16      12.9149751      77.5207694      1      484      835      90
   17      12.9156821      77.5634096      1      675      835      90
   18      12.9308404      77.5801598      1      484      835      90
   19      12.9293653      77.5569265      1      621      835      90
   20      12.9155211      77.5626584      1      640      835      90
   21      12.9190318      77.6435124      1      200      835      90
   22      12.9040515      77.5256473      1      600      835      90
   23      12.9100928      77.4868640      1      500      835      90
