C103

VEHICLE
NUMBER     CAPACITY    KMS/TRIP
25        50         49.7

CUSTOMER
CUST NO.  XCOORD.   YCOORD.    DEMAND   READY TIME  DUE DATE   SERVICE   TIME

   0      12.7971706      77.4238823      0      0      120      0
   1      12.9435045      77.6075158      1      10000      120      90
   2      12.9434952      77.6077375      22      10000      120      90
   3      12.9268719      77.5990938      1      10000      120      90
   4      12.9478156      77.6027586      1      10000      120      90
   5      12.9229302      77.5663966      1      10000      120      90
   6      12.9229302      77.5663966      1      10000      120      90
   7      12.889589      77.5976873      6      10000      120      90
   8      12.9268719      77.5990938      1      10000      120      90
   9      12.9268719      77.5990938      1      10000      120      90
   10      12.9485816      77.5797068      1      10000      120      90
   11      12.9567638      77.6129863      2      10000      120      90
   12      12.9089725      77.5979482      4      10000      120      90
   13      12.887181      77.5970994      1      10000      120      90
   14      12.9164844      77.6016567      5      10000      120      90
   15      12.9125291      77.5982493      1      10000      120      90
   16      12.9481897      77.6002658      4      10000      120      90
   17      12.9389163      77.6008787      1      10000      120      90
   18      12.8560296      77.5886844      1      10000      120      90
   19      12.8881313      77.5914776      1      10000      120      90
   20      12.9175363      77.5999589      2      10000      120      90
   21      12.9350054      77.6115462      7      10000      120      90
   22      12.9420488      77.6232414      1      33      120      90
   23      12.9408786      77.6198734      3      10000      120      90
   24      12.9431116      77.5959437      2      10000      120      90
   25      12.9164844      77.6016567      4      10000      120      90
   26      12.944564      77.6026457      6      10000      120      90
   27      12.9268719      77.5990938      1      10000      120      90
   28      12.9169078      77.6216554      1      10000      120      90
   29      12.9640503      77.5711259      1      10000      120      90
   30      12.9218711      77.5986135      2      10000      120      90
   31      12.9176934      77.6089431      2      10000      120      90
   32      12.9378759      77.5944627      1      10000      120      90
   33      12.9543982      77.6175925      5      10000      120      90
   34      12.961469      77.614206       0      25         120      90
   35      12.9544874      77.6190723      0      27         120      90
   36      12.9466493      77.6288418      0      29         120      90
   37      12.9462606      77.6218629      0      30         120      90
   38      12.9392202      77.6101209      0      40         120      90
   39      12.9373044      77.6064437      0      41         120      90
   40      12.9481845      77.6024545      0      45         120      90
   41      12.9180748      77.5992567      0      48         120      90
   42      12.900771      77.601107       0      50         120      90
   