1e-08    33.378    32.057    22.685    33.376    33.108    42.053    32.78    32.057    57.963    32.77    23.156    31.904    33.376    32.057    33.227    23.973    34.914    36.512    33.376    34.956    51.055    23.295    18.549    
33.378    1e-08    3.919    6.294    2.073    0.942    17.229    1.266    3.919    25.613    2.097    7.513    8.326    2.073    3.919    7.962    6.759    1.548    3.133    2.073    1.59    11.449    5.478    10.24    
32.057    3.919    1e-08    4.681    3.7    2.957    31.903    3.607    0.0    27.358    1.44    6.231    10.104    3.7    0.0    11.427    4.497    5.175    6.773    3.7    5.217    15.075    3.865    8.627    
22.685    6.294    4.681    1e-08    6.715    6.075    27.815    6.476    4.681    31.016    4.454    6.098    13.762    6.715    4.681    15.084    1.685    5.953    9.24    6.715    5.901    16.507    0.816    4.152    
33.376    2.073    3.7    6.715    1e-08    0.917    33.161    1.241    3.894    24.606    2.072    7.489    7.895    0.0    3.894    7.531    6.437    3.185    3.117    0.0    3.227    11.375    5.923    10.994    
33.108    0.942    2.957    6.075    0.917    1e-08    32.391    0.471    3.124    25.46    1.302    6.719    9.158    0.997    3.124    8.794    5.668    2.367    3.965    0.997    2.41    12.268    5.098    10.224    
42.053    17.229    31.903    27.815    33.161    32.391    1e-08    33.809    33.086    38.067    33.798    34.055    22.342    34.405    33.086    19.466    29.964    20.071    18.539    34.405    20.097    14.927    28.534    26.776    
32.78    1.266    3.607    6.476    1.241    0.471    33.809    1e-08    2.164    28.149    0.714    7.021    10.895    2.295    2.164    9.398    5.642    2.629    5.263    2.295    2.508    13.565    4.362    9.124    
32.057    3.919    0.0    4.681    3.894    3.124    33.086    2.164    1e-08    27.358    1.44    6.231    10.104    3.7    0.0    11.427    4.497    5.175    6.773    3.7    5.217    15.075    3.865    8.627    
57.963    25.613    27.358    31.016    24.606    25.46    38.067    28.149    27.358    1e-08    31.402    30.27    18.828    25.874    31.133    20.654    32.466    27.169    23.465    25.874    27.211    36.674    34.504    33.776    
32.77    2.097    1.44    4.454    2.072    1.302    33.798    0.714    1.44    31.402    1e-08    6.661    9.34    1.943    1.44    8.976    4.918    3.418    5.016    1.943    3.46    13.318    3.638    8.4    
23.156    7.513    6.231    6.098    7.489    6.719    34.055    7.021    6.231    30.27    6.661    1e-08    10.589    7.535    5.6    11.911    3.734    9.072    10.67    7.535    9.114    18.972    5.772    3.505    
31.904    8.326    10.104    13.762    7.895    9.158    22.342    10.895    10.104    18.828    9.34    10.589    1e-08    9.746    12.754    4.513    13.803    11.041    7.337    9.746    11.083    13.325    15.841    15.523    
33.376    2.073    3.7    6.715    0.0    0.997    34.405    2.295    3.7    25.874    1.943    7.535    9.746    1e-08    3.894    7.531    6.437    3.185    3.117    0.0    3.227    11.375    5.923    10.994    
32.057    3.919    0.0    4.681    3.894    3.124    33.086    2.164    0.0    31.133    1.44    5.6    12.754    3.894    1e-08    11.427    4.497    5.175    6.773    3.7    5.217    15.075    3.865    8.627    
33.227    7.962    11.427    15.084    7.531    8.794    19.466    9.398    11.427    20.654    8.976    11.911    4.513    7.531    11.427    1e-08    13.128    7.93    4.268    6.208    7.972    9.259    11.613    14.847    
23.973    6.759    4.497    1.685    6.437    5.668    29.964    5.642    4.497    32.466    4.918    3.734    13.803    6.437    4.497    13.128    1e-08    6.358    9.645    6.538    6.307    16.913    1.973    5.562    
34.914    1.548    5.175    5.953    3.185    2.367    20.071    2.629    5.175    27.169    3.418    9.072    11.041    3.185    5.175    7.93    6.358    1e-08    3.388    2.695    0.244    10.655    5.132    9.895    
36.512    3.133    6.773    9.24    3.117    3.965    18.539    5.263    6.773    23.465    5.016    10.67    7.337    3.117    6.773    4.268    9.645    3.388    1e-08    3.111    4.004    8.732    8.538    14.581    
33.376    2.073    3.7    6.715    0.0    0.997    34.405    2.295    3.7    25.874    1.943    7.535    9.746    0.0    3.7    6.208    6.538    2.695    3.111    1e-08    3.227    11.375    5.923    10.994    
34.956    1.59    5.217    5.901    3.227    2.41    20.097    2.508    5.217    27.211    3.46    9.114    11.083    3.227    5.217    7.972    6.307    0.244    4.004    3.227    1e-08    10.697    5.081    9.843    
51.055    11.449    15.075    16.507    11.375    12.268    14.927    13.565    15.075    36.674    13.318    18.972    13.325    11.375    15.075    9.259    16.913    10.655    8.732    11.375    10.697    1e-08    15.411    35.111    
23.295    5.478    3.865    0.816    5.923    5.098    28.534    4.362    3.865    34.504    3.638    5.772    15.841    5.923    3.865    11.613    1.973    5.132    8.538    5.923    5.081    15.411    1e-08    4.762    
18.549    10.24    8.627    4.152    10.994    10.224    26.776    9.124    8.627    33.776    8.4    3.505    15.523    10.994    8.627    14.847    5.562    9.895    14.581    10.994    9.843    35.111    4.762    1e-08    
